test
544 input_ids
545 input_ids
546 input_ids
547 input_ids
548 input_ids
1635 input_ids
1636 input_ids
1637 input_ids
1638 input_ids
1639 input_ids
1640 input_ids
1641 input_ids
1642 input_ids
1643 input_ids
1644 input_ids
1645 input_ids
1646 input_ids
1805 input_ids
1806 input_ids
1807 input_ids
1808 input_ids



738 input_ids
738 input_mask
738 segment_ids
738 speaker_ids
738 mention_ids
739 input_ids
739 input_mask
739 segment_ids
739 speaker_ids
739 mention_ids

858 speaker_ids
858 mention_ids

868 speaker_ids
868 mention_ids
869 speaker_ids
869 mention_ids

907 speaker_ids
907 mention_ids

1227 speaker_ids
1227 mention_ids

1234 speaker_ids
1234 mention_ids

1597 speaker_ids
1597 mention_ids
train
1346 speaker_ids
1346 mention_ids
1348 speaker_ids
1348 mention_ids
1357 speaker_ids
1357 mention_ids
1363 speaker_ids
1363 mention_ids





 23%|██▎       | 1369/5997 [00:06<00:22, 209.60it/s]
1346 speaker_ids
[0 1 1 1 1 1 1 1 1 1 1 1 1 1 1 1 1 1 1 1 1 1 1 1 1 1 1 1 1 2 2 2 2 2 2 2 2
 2 2 2 2 1 1 1 1 1 2 2 2 2 2 2 1 1 1 1 1 1 1 1 1 1 1 1 2 2 2 2 2 2 2 2 2 2
 2 2 2 2 2 2 2 2 2 2 2 2 2 2 2 2 2 2 1 1 1 1 1 1 1 1 1 1 1 1 1 1 1 1 1 1 1
 1 1 1 1 1 1 1 1 1 1 1 1 2 2 2 2 2 1 1 1 1 1 1 1 1 1 2 2 2 2 2 2 2 2 2 2 2
 2 2 2 2 2 2 2 2 2 2 2 2 2 2 2 2 2 2 2 2 2 2 2 2 2 2 2 1 1 1 1 1 1 1 2 2 2
 2 2 2 2 2 2 2 2 2 2 2 2 2 2 2 2 2 2 2 2 2 2 2 2 2 2 2 2 2 2 2 2 2 2 2 2 2
 1 1 1 1 1 1 1 1 1 1 1 1 1 1 1 1 2 2 2 2 2 2 2 2 2 2 2 2 2 2 2 2 2 2 2 2 2
 2 2 2 2 2 2 2 2 2 2 2 2 1 1 1 1 1 1 1 1 1 1 2 2 2 2 2 2 2 2 2 2 2 2 2 2 2
 2 2 2 2 2 2 2 2 2 2 2 2 2 2 2 2 2 2 2 2 2 2 2 2 2 2 2 2 2 2 2 2 2 2 1 1 1
 1 1 1 1 1 1 1 1 1 1 1 1 1 2 2 2 2 2 2 2 2 2 2 2 2 2 2 2 2 2 2 2 2 2 2 2 2
 2 2 2 2 2 2 2 2 2 2 2 2 2 2 2 2 2 2 2 2 2 2 2 2 2 1 1 1 1 1 1 1 1 1 1 1 1
 1 1 1 1 1 1 1 1 1 1 1 1 1 1 1 1 1 1 1 1 1 1 1 1 1 1 1 1 1 1 1 1 1 1 1 1 1
 1 1 1 1 1 2 2 2 2 2 2 2 1 1 1 1 1 1 1 1 1 1 1 1 1 1 1 1 1 1 1 1 1 1 1 1 1
 1 1 1 1 1 1 1 1 1 1 1 1 1 1 2 2 2 2 2 2 2 2 2 2 2 1 0 0 0 0 0]
[0 1 1 1 1 1 1 1 1 1 1 1 1 1 1 1 1 1 1 1 1 1 1 1 1 1 1 1 1 2 2 2 2 2 2 2 2
 2 2 2 2 1 1 1 1 1 2 2 2 2 2 2 1 1 1 1 1 1 1 1 1 1 1 1 2 2 2 2 2 2 2 2 2 2
 2 2 2 2 2 2 2 2 2 2 2 2 2 2 2 2 2 2 1 1 1 1 1 1 1 1 1 1 1 1 1 1 1 1 1 1 1
 1 1 1 1 1 1 1 1 1 1 1 1 2 2 2 2 2 1 1 1 1 1 1 1 1 1 2 2 2 2 2 2 2 2 2 2 2
 2 2 2 2 2 2 2 2 2 2 2 2 2 2 2 2 2 2 2 2 2 2 2 2 2 2 2 1 1 1 1 1 1 1 2 2 2
 2 2 2 2 2 2 2 2 2 2 2 2 2 2 2 2 2 2 2 2 2 2 2 2 2 2 2 2 2 2 2 2 2 2 2 2 2
 1 1 1 1 1 1 1 1 1 1 1 1 1 1 1 1 2 2 2 2 2 2 2 2 2 2 2 2 2 2 2 2 2 2 2 2 2
 2 2 2 2 2 2 2 2 2 2 2 2 1 1 1 1 1 1 1 1 1 1 2 2 2 2 2 2 2 2 2 2 2 2 2 2 2
 2 2 2 2 2 2 2 2 2 2 2 2 2 2 2 2 2 2 2 2 2 2 2 2 2 2 2 2 2 2 2 2 2 2 1 1 1
 1 1 1 1 1 1 1 1 1 1 1 1 1 2 2 2 2 2 2 2 2 2 2 2 2 2 2 2 2 2 2 2 2 2 2 2 2
 2 2 2 2 2 2 2 2 2 2 2 2 2 2 2 2 2 2 2 2 2 2 2 2 2 1 1 1 1 1 1 1 1 1 1 1 1
 1 1 1 1 1 1 1 1 1 1 1 1 1 1 1 1 1 1 1 1 1 1 1 1 1 1 1 1 1 1 1 1 1 1 1 1 1
 1 1 1 1 1 2 2 2 2 2 2 2 1 1 1 1 1 1 1 1 1 1 1 1 1 1 1 1 1 1 1 1 1 1 1 1 1
 1 1 1 1 1 1 1 1 1 1 1 1 1 1 2 2 2 2 2 2 2 2 2 2 2 2 0 0 0 0 0]
1346 mention_ids
[ 0  1  1  1  1  1  1  1  1  1  1  1  1  1  1  1  1  1  1  1  1  1  1  1
  1  1  1  1  1  2  2  2  2  2  2  2  2  2  2  2  2  3  3  3  3  3  4  4
  4  4  4  4  5  5  5  5  5  5  5  5  5  5  5  5  6  6  6  6  6  6  6  6
  6  6  6  6  6  6  6  6  6  6  6  6  6  6  6  6  6  6  6  6  7  7  7  7
  7  7  7  7  7  7  7  7  7  7  7  7  7  7  7  7  7  7  7  7  7  7  7  7
  7  7  7  8  8  8  8  8  9  9  9  9  9  9  9  9  9 10 10 10 10 10 10 10
 10 10 10 10 10 10 10 10 10 10 10 10 10 10 10 10 10 10 10 10 10 10 10 10
 10 10 10 10 10 10 10 11 11 11 11 11 11 11 12 12 12 12 12 12 12 12 12 12
 12 12 12 12 12 12 12 12 12 12 12 12 12 12 12 12 12 12 12 12 12 12 12 12
 12 12 12 12 12 12 13 13 13 13 13 13 13 13 13 13 13 13 13 13 13 13 14 14
 14 14 14 14 14 14 14 14 14 14 14 14 14 14 14 14 14 14 14 14 14 14 14 14
 14 14 14 14 14 14 14 15 15 15 15 15 15 15 15 15 15 16 16 16 16 16 16 16
 16 16 16 16 16 16 16 16 16 16 16 16 16 16 16 16 16 16 16 16 16 16 16 16
 16 16 16 16 16 16 16 16 16 16 16 16 16 16 16 16 16 16 17 17 17 17 17 17
 17 17 17 17 17 17 17 17 17 17 18 18 18 18 18 18 18 18 18 18 18 18 18 18
 18 18 18 18 18 18 18 18 18 18 18 18 18 18 18 18 18 18 18 18 18 18 18 18
 18 18 18 18 18 18 18 18 18 18 18 19 19 19 19 19 19 19 19 19 19 19 19 19
 19 19 19 19 19 19 19 19 19 19 19 19 19 19 19 19 19 19 19 19 19 19 19 19
 19 19 19 19 19 19 19 19 19 19 19 19 19 19 19 19 19 20 20 20 20 20 20 20
 21 21 21 21 21 21 21 21 21 21 21 21 21 21 21 21 21 21 21 21 21 21 21 21
 21 21 21 21 21 21 21 21 21 21 21 21 21 21 21 22 22 22 22 22 22 22 22 22
 22 22 23  0 24  0 25  0]
[ 0  1  1  1  1  1  1  1  1  1  1  1  1  1  1  1  1  1  1  1  1  1  1  1
  1  1  1  1  1  2  2  2  2  2  2  2  2  2  2  2  2  3  3  3  3  3  4  4
  4  4  4  4  5  5  5  5  5  5  5  5  5  5  5  5  6  6  6  6  6  6  6  6
  6  6  6  6  6  6  6  6  6  6  6  6  6  6  6  6  6  6  6  6  7  7  7  7
  7  7  7  7  7  7  7  7  7  7  7  7  7  7  7  7  7  7  7  7  7  7  7  7
  7  7  7  8  8  8  8  8  9  9  9  9  9  9  9  9  9 10 10 10 10 10 10 10
 10 10 10 10 10 10 10 10 10 10 10 10 10 10 10 10 10 10 10 10 10 10 10 10
 10 10 10 10 10 10 10 11 11 11 11 11 11 11 12 12 12 12 12 12 12 12 12 12
 12 12 12 12 12 12 12 12 12 12 12 12 12 12 12 12 12 12 12 12 12 12 12 12
 12 12 12 12 12 12 13 13 13 13 13 13 13 13 13 13 13 13 13 13 13 13 14 14
 14 14 14 14 14 14 14 14 14 14 14 14 14 14 14 14 14 14 14 14 14 14 14 14
 14 14 14 14 14 14 14 15 15 15 15 15 15 15 15 15 15 16 16 16 16 16 16 16
 16 16 16 16 16 16 16 16 16 16 16 16 16 16 16 16 16 16 16 16 16 16 16 16
 16 16 16 16 16 16 16 16 16 16 16 16 16 16 16 16 16 16 17 17 17 17 17 17
 17 17 17 17 17 17 17 17 17 17 18 18 18 18 18 18 18 18 18 18 18 18 18 18
 18 18 18 18 18 18 18 18 18 18 18 18 18 18 18 18 18 18 18 18 18 18 18 18
 18 18 18 18 18 18 18 18 18 18 18 19 19 19 19 19 19 19 19 19 19 19 19 19
 19 19 19 19 19 19 19 19 19 19 19 19 19 19 19 19 19 19 19 19 19 19 19 19
 19 19 19 19 19 19 19 19 19 19 19 19 19 19 19 19 19 20 20 20 20 20 20 20
 21 21 21 21 21 21 21 21 21 21 21 21 21 21 21 21 21 21 21 21 21 21 21 21
 21 21 21 21 21 21 21 21 21 21 21 21 21 21 21 22 22 22 22 22 22 22 22 22
 22 22 22  0 23  0 24  0]
1346 graph_speaker
[[ 1  3]
 [ 1  5]
 [ 1  7]
 [ 1  9]
 [ 1 11]
 [ 1 13]
 [ 1 15]
 [ 1 17]
 [ 1 19]
 [ 1 21]
 [ 1 23]
 [ 3  1]
 [ 3  5]
 [ 3  7]
 [ 3  9]
 [ 3 11]
 [ 3 13]
 [ 3 15]
 [ 3 17]
 [ 3 19]
 [ 3 21]
 [ 3 23]
 [ 5  1]
 [ 5  3]
 [ 5  7]
 [ 5  9]
 [ 5 11]
 [ 5 13]
 [ 5 15]
 [ 5 17]
 [ 5 19]
 [ 5 21]
 [ 5 23]
 [ 7  1]
 [ 7  3]
 [ 7  5]
 [ 7  9]
 [ 7 11]
 [ 7 13]
 [ 7 15]
 [ 7 17]
 [ 7 19]
 [ 7 21]
 [ 7 23]
 [ 9  1]
 [ 9  3]
 [ 9  5]
 [ 9  7]
 [ 9 11]
 [ 9 13]
 [ 9 15]
 [ 9 17]
 [ 9 19]
 [ 9 21]
 [ 9 23]
 [11  1]
 [11  3]
 [11  5]
 [11  7]
 [11  9]
 [11 13]
 [11 15]
 [11 17]
 [11 19]
 [11 21]
 [11 23]
 [13  1]
 [13  3]
 [13  5]
 [13  7]
 [13  9]
 [13 11]
 [13 15]
 [13 17]
 [13 19]
 [13 21]
 [13 23]
 [15  1]
 [15  3]
 [15  5]
 [15  7]
 [15  9]
 [15 11]
 [15 13]
 [15 17]
 [15 19]
 [15 21]
 [15 23]
 [17  1]
 [17  3]
 [17  5]
 [17  7]
 [17  9]
 [17 11]
 [17 13]
 [17 15]
 [17 19]
 [17 21]
 [17 23]
 [19  1]
 [19  3]
 [19  5]
 [19  7]
 [19  9]
 [19 11]
 [19 13]
 [19 15]
 [19 17]
 [19 21]
 [19 23]
 [21  1]
 [21  3]
 [21  5]
 [21  7]
 [21  9]
 [21 11]
 [21 13]
 [21 15]
 [21 17]
 [21 19]
 [21 23]
 [23  1]
 [23  3]
 [23  5]
 [23  7]
 [23  9]
 [23 11]
 [23 13]
 [23 15]
 [23 17]
 [23 19]
 [23 21]
 [ 2  4]
 [ 2  6]
 [ 2  8]
 [ 2 10]
 [ 2 12]
 [ 2 14]
 [ 2 16]
 [ 2 18]
 [ 2 20]
 [ 2 22]
 [ 4  2]
 [ 4  6]
 [ 4  8]
 [ 4 10]
 [ 4 12]
 [ 4 14]
 [ 4 16]
 [ 4 18]
 [ 4 20]
 [ 4 22]
 [ 6  2]
 [ 6  4]
 [ 6  8]
 [ 6 10]
 [ 6 12]
 [ 6 14]
 [ 6 16]
 [ 6 18]
 [ 6 20]
 [ 6 22]
 [ 8  2]
 [ 8  4]
 [ 8  6]
 [ 8 10]
 [ 8 12]
 [ 8 14]
 [ 8 16]
 [ 8 18]
 [ 8 20]
 [ 8 22]
 [10  2]
 [10  4]
 [10  6]
 [10  8]
 [10 12]
 [10 14]
 [10 16]
 [10 18]
 [10 20]
 [10 22]
 [12  2]
 [12  4]
 [12  6]
 [12  8]
 [12 10]
 [12 14]
 [12 16]
 [12 18]
 [12 20]
 [12 22]
 [14  2]
 [14  4]
 [14  6]
 [14  8]
 [14 10]
 [14 12]
 [14 16]
 [14 18]
 [14 20]
 [14 22]
 [16  2]
 [16  4]
 [16  6]
 [16  8]
 [16 10]
 [16 12]
 [16 14]
 [16 18]
 [16 20]
 [16 22]
 [18  2]
 [18  4]
 [18  6]
 [18  8]
 [18 10]
 [18 12]
 [18 14]
 [18 16]
 [18 20]
 [18 22]
 [20  2]
 [20  4]
 [20  6]
 [20  8]
 [20 10]
 [20 12]
 [20 14]
 [20 16]
 [20 18]
 [20 22]
 [22  2]
 [22  4]
 [22  6]
 [22  8]
 [22 10]
 [22 12]
 [22 14]
 [22 16]
 [22 18]
 [22 20]]
[[ 1  3]
 [ 1  5]
 [ 1  7]
 [ 1  9]
 [ 1 11]
 [ 1 13]
 [ 1 15]
 [ 1 17]
 [ 1 19]
 [ 1 21]
 [ 3  1]
 [ 3  5]
 [ 3  7]
 [ 3  9]
 [ 3 11]
 [ 3 13]
 [ 3 15]
 [ 3 17]
 [ 3 19]
 [ 3 21]
 [ 5  1]
 [ 5  3]
 [ 5  7]
 [ 5  9]
 [ 5 11]
 [ 5 13]
 [ 5 15]
 [ 5 17]
 [ 5 19]
 [ 5 21]
 [ 7  1]
 [ 7  3]
 [ 7  5]
 [ 7  9]
 [ 7 11]
 [ 7 13]
 [ 7 15]
 [ 7 17]
 [ 7 19]
 [ 7 21]
 [ 9  1]
 [ 9  3]
 [ 9  5]
 [ 9  7]
 [ 9 11]
 [ 9 13]
 [ 9 15]
 [ 9 17]
 [ 9 19]
 [ 9 21]
 [11  1]
 [11  3]
 [11  5]
 [11  7]
 [11  9]
 [11 13]
 [11 15]
 [11 17]
 [11 19]
 [11 21]
 [13  1]
 [13  3]
 [13  5]
 [13  7]
 [13  9]
 [13 11]
 [13 15]
 [13 17]
 [13 19]
 [13 21]
 [15  1]
 [15  3]
 [15  5]
 [15  7]
 [15  9]
 [15 11]
 [15 13]
 [15 17]
 [15 19]
 [15 21]
 [17  1]
 [17  3]
 [17  5]
 [17  7]
 [17  9]
 [17 11]
 [17 13]
 [17 15]
 [17 19]
 [17 21]
 [19  1]
 [19  3]
 [19  5]
 [19  7]
 [19  9]
 [19 11]
 [19 13]
 [19 15]
 [19 17]
 [19 21]
 [21  1]
 [21  3]
 [21  5]
 [21  7]
 [21  9]
 [21 11]
 [21 13]
 [21 15]
 [21 17]
 [21 19]
 [ 2  4]
 [ 2  6]
 [ 2  8]
 [ 2 10]
 [ 2 12]
 [ 2 14]
 [ 2 16]
 [ 2 18]
 [ 2 20]
 [ 2 22]
 [ 4  2]
 [ 4  6]
 [ 4  8]
 [ 4 10]
 [ 4 12]
 [ 4 14]
 [ 4 16]
 [ 4 18]
 [ 4 20]
 [ 4 22]
 [ 6  2]
 [ 6  4]
 [ 6  8]
 [ 6 10]
 [ 6 12]
 [ 6 14]
 [ 6 16]
 [ 6 18]
 [ 6 20]
 [ 6 22]
 [ 8  2]
 [ 8  4]
 [ 8  6]
 [ 8 10]
 [ 8 12]
 [ 8 14]
 [ 8 16]
 [ 8 18]
 [ 8 20]
 [ 8 22]
 [10  2]
 [10  4]
 [10  6]
 [10  8]
 [10 12]
 [10 14]
 [10 16]
 [10 18]
 [10 20]
 [10 22]
 [12  2]
 [12  4]
 [12  6]
 [12  8]
 [12 10]
 [12 14]
 [12 16]
 [12 18]
 [12 20]
 [12 22]
 [14  2]
 [14  4]
 [14  6]
 [14  8]
 [14 10]
 [14 12]
 [14 16]
 [14 18]
 [14 20]
 [14 22]
 [16  2]
 [16  4]
 [16  6]
 [16  8]
 [16 10]
 [16 12]
 [16 14]
 [16 18]
 [16 20]
 [16 22]
 [18  2]
 [18  4]
 [18  6]
 [18  8]
 [18 10]
 [18 12]
 [18 14]
 [18 16]
 [18 20]
 [18 22]
 [20  2]
 [20  4]
 [20  6]
 [20  8]
 [20 10]
 [20 12]
 [20 14]
 [20 16]
 [20 18]
 [20 22]
 [22  2]
 [22  4]
 [22  6]
 [22  8]
 [22 10]
 [22 12]
 [22 14]
 [22 16]
 [22 18]
 [22 20]]
1346 graph_dialog
[[ 1  0]
 [ 0  1]
 [ 2  0]
 [ 0  2]
 [ 3  0]
 [ 0  3]
 [ 4  0]
 [ 0  4]
 [ 5  0]
 [ 0  5]
 [ 6  0]
 [ 0  6]
 [ 7  0]
 [ 0  7]
 [ 8  0]
 [ 0  8]
 [ 9  0]
 [ 0  9]
 [10  0]
 [ 0 10]
 [11  0]
 [ 0 11]
 [12  0]
 [ 0 12]
 [13  0]
 [ 0 13]
 [14  0]
 [ 0 14]
 [15  0]
 [ 0 15]
 [16  0]
 [ 0 16]
 [17  0]
 [ 0 17]
 [18  0]
 [ 0 18]
 [19  0]
 [ 0 19]
 [20  0]
 [ 0 20]
 [21  0]
 [ 0 21]
 [22  0]
 [ 0 22]
 [23  0]
 [ 0 23]]
[[ 1  0]
 [ 0  1]
 [ 2  0]
 [ 0  2]
 [ 3  0]
 [ 0  3]
 [ 4  0]
 [ 0  4]
 [ 5  0]
 [ 0  5]
 [ 6  0]
 [ 0  6]
 [ 7  0]
 [ 0  7]
 [ 8  0]
 [ 0  8]
 [ 9  0]
 [ 0  9]
 [10  0]
 [ 0 10]
 [11  0]
 [ 0 11]
 [12  0]
 [ 0 12]
 [13  0]
 [ 0 13]
 [14  0]
 [ 0 14]
 [15  0]
 [ 0 15]
 [16  0]
 [ 0 16]
 [17  0]
 [ 0 17]
 [18  0]
 [ 0 18]
 [19  0]
 [ 0 19]
 [20  0]
 [ 0 20]
 [21  0]
 [ 0 21]
 [22  0]
 [ 0 22]]
1346 graph_entity
[[24  5]
 [ 5 24]
 [24 21]
 [21 24]
 [24 24]
 [24 24]
 [25 15]
 [15 25]
 [25 16]
 [16 25]
 [25 25]
 [25 25]]
[[23  5]
 [ 5 23]
 [23 21]
 [21 23]
 [23 23]
 [23 23]
 [24 15]
 [15 24]
 [24 16]
 [16 24]
 [24 24]
 [24 24]]
1346 turn_masks
1348 speaker_ids
[0 1 1 1 1 1 1 1 1 1 1 1 1 1 1 1 1 1 1 1 1 1 1 1 1 1 1 1 1 2 2 2 2 2 2 2 2
 2 2 2 2 1 1 1 1 1 2 2 2 2 2 2 1 1 1 1 1 1 1 1 1 1 1 1 2 2 2 2 2 2 2 2 2 2
 2 2 2 2 2 2 2 2 2 2 2 2 2 2 2 2 2 2 1 1 1 1 1 1 1 1 1 1 1 1 1 1 1 1 1 1 1
 1 1 1 1 1 1 1 1 1 1 1 1 2 2 2 2 2 1 1 1 1 1 1 1 1 1 2 2 2 2 2 2 2 2 2 2 2
 2 2 2 2 2 2 2 2 2 2 2 2 2 2 2 2 2 2 2 2 2 2 2 2 2 2 2 1 1 1 1 1 1 1 2 2 2
 2 2 2 2 2 2 2 2 2 2 2 2 2 2 2 2 2 2 2 2 2 2 2 2 2 2 2 2 2 2 2 2 2 2 2 2 2
 1 1 1 1 1 1 1 1 1 1 1 1 1 1 1 1 2 2 2 2 2 2 2 2 2 2 2 2 2 2 2 2 2 2 2 2 2
 2 2 2 2 2 2 2 2 2 2 2 2 1 1 1 1 1 1 1 1 1 1 2 2 2 2 2 2 2 2 2 2 2 2 2 2 2
 2 2 2 2 2 2 2 2 2 2 2 2 2 2 2 2 2 2 2 2 2 2 2 2 2 2 2 2 2 2 2 2 2 2 1 1 1
 1 1 1 1 1 1 1 1 1 1 1 1 1 2 2 2 2 2 2 2 2 2 2 2 2 2 2 2 2 2 2 2 2 2 2 2 2
 2 2 2 2 2 2 2 2 2 2 2 2 2 2 2 2 2 2 2 2 2 2 2 2 2 1 1 1 1 1 1 1 1 1 1 1 1
 1 1 1 1 1 1 1 1 1 1 1 1 1 1 1 1 1 1 1 1 1 1 1 1 1 1 1 1 1 1 1 1 1 1 1 1 1
 1 1 1 1 1 2 2 2 2 2 2 2 1 1 1 1 1 1 1 1 1 1 1 1 1 1 1 1 1 1 1 1 1 1 1 1 1
 1 1 1 1 1 1 1 1 1 1 1 1 1 1 2 2 2 2 2 2 2 2 2 2 2 1 0 0 0 0 0]
[0 1 1 1 1 1 1 1 1 1 1 1 1 1 1 1 1 1 1 1 1 1 1 1 1 1 1 1 1 2 2 2 2 2 2 2 2
 2 2 2 2 1 1 1 1 1 2 2 2 2 2 2 1 1 1 1 1 1 1 1 1 1 1 1 2 2 2 2 2 2 2 2 2 2
 2 2 2 2 2 2 2 2 2 2 2 2 2 2 2 2 2 2 1 1 1 1 1 1 1 1 1 1 1 1 1 1 1 1 1 1 1
 1 1 1 1 1 1 1 1 1 1 1 1 2 2 2 2 2 1 1 1 1 1 1 1 1 1 2 2 2 2 2 2 2 2 2 2 2
 2 2 2 2 2 2 2 2 2 2 2 2 2 2 2 2 2 2 2 2 2 2 2 2 2 2 2 1 1 1 1 1 1 1 2 2 2
 2 2 2 2 2 2 2 2 2 2 2 2 2 2 2 2 2 2 2 2 2 2 2 2 2 2 2 2 2 2 2 2 2 2 2 2 2
 1 1 1 1 1 1 1 1 1 1 1 1 1 1 1 1 2 2 2 2 2 2 2 2 2 2 2 2 2 2 2 2 2 2 2 2 2
 2 2 2 2 2 2 2 2 2 2 2 2 1 1 1 1 1 1 1 1 1 1 2 2 2 2 2 2 2 2 2 2 2 2 2 2 2
 2 2 2 2 2 2 2 2 2 2 2 2 2 2 2 2 2 2 2 2 2 2 2 2 2 2 2 2 2 2 2 2 2 2 1 1 1
 1 1 1 1 1 1 1 1 1 1 1 1 1 2 2 2 2 2 2 2 2 2 2 2 2 2 2 2 2 2 2 2 2 2 2 2 2
 2 2 2 2 2 2 2 2 2 2 2 2 2 2 2 2 2 2 2 2 2 2 2 2 2 1 1 1 1 1 1 1 1 1 1 1 1
 1 1 1 1 1 1 1 1 1 1 1 1 1 1 1 1 1 1 1 1 1 1 1 1 1 1 1 1 1 1 1 1 1 1 1 1 1
 1 1 1 1 1 2 2 2 2 2 2 2 1 1 1 1 1 1 1 1 1 1 1 1 1 1 1 1 1 1 1 1 1 1 1 1 1
 1 1 1 1 1 1 1 1 1 1 1 1 1 1 2 2 2 2 2 2 2 2 2 2 2 2 0 0 0 0 0]
1348 mention_ids
[ 0  1  1  1  1  1  1  1  1  1  1  1  1  1  1  1  1  1  1  1  1  1  1  1
  1  1  1  1  1  2  2  2  2  2  2  2  2  2  2  2  2  3  3  3  3  3  4  4
  4  4  4  4  5  5  5  5  5  5  5  5  5  5  5  5  6  6  6  6  6  6  6  6
  6  6  6  6  6  6  6  6  6  6  6  6  6  6  6  6  6  6  6  6  7  7  7  7
  7  7  7  7  7  7  7  7  7  7  7  7  7  7  7  7  7  7  7  7  7  7  7  7
  7  7  7  8  8  8  8  8  9  9  9  9  9  9  9  9  9 10 10 10 10 10 10 10
 10 10 10 10 10 10 10 10 10 10 10 10 10 10 10 10 10 10 10 10 10 10 10 10
 10 10 10 10 10 10 10 11 11 11 11 11 11 11 12 12 12 12 12 12 12 12 12 12
 12 12 12 12 12 12 12 12 12 12 12 12 12 12 12 12 12 12 12 12 12 12 12 12
 12 12 12 12 12 12 13 13 13 13 13 13 13 13 13 13 13 13 13 13 13 13 14 14
 14 14 14 14 14 14 14 14 14 14 14 14 14 14 14 14 14 14 14 14 14 14 14 14
 14 14 14 14 14 14 14 15 15 15 15 15 15 15 15 15 15 16 16 16 16 16 16 16
 16 16 16 16 16 16 16 16 16 16 16 16 16 16 16 16 16 16 16 16 16 16 16 16
 16 16 16 16 16 16 16 16 16 16 16 16 16 16 16 16 16 16 17 17 17 17 17 17
 17 17 17 17 17 17 17 17 17 17 18 18 18 18 18 18 18 18 18 18 18 18 18 18
 18 18 18 18 18 18 18 18 18 18 18 18 18 18 18 18 18 18 18 18 18 18 18 18
 18 18 18 18 18 18 18 18 18 18 18 19 19 19 19 19 19 19 19 19 19 19 19 19
 19 19 19 19 19 19 19 19 19 19 19 19 19 19 19 19 19 19 19 19 19 19 19 19
 19 19 19 19 19 19 19 19 19 19 19 19 19 19 19 19 19 20 20 20 20 20 20 20
 21 21 21 21 21 21 21 21 21 21 21 21 21 21 21 21 21 21 21 21 21 21 21 21
 21 21 21 21 21 21 21 21 21 21 21 21 21 21 21 22 22 22 22 22 22 22 22 22
 22 22 23  0 24  0 25  0]
[ 0  1  1  1  1  1  1  1  1  1  1  1  1  1  1  1  1  1  1  1  1  1  1  1
  1  1  1  1  1  2  2  2  2  2  2  2  2  2  2  2  2  3  3  3  3  3  4  4
  4  4  4  4  5  5  5  5  5  5  5  5  5  5  5  5  6  6  6  6  6  6  6  6
  6  6  6  6  6  6  6  6  6  6  6  6  6  6  6  6  6  6  6  6  7  7  7  7
  7  7  7  7  7  7  7  7  7  7  7  7  7  7  7  7  7  7  7  7  7  7  7  7
  7  7  7  8  8  8  8  8  9  9  9  9  9  9  9  9  9 10 10 10 10 10 10 10
 10 10 10 10 10 10 10 10 10 10 10 10 10 10 10 10 10 10 10 10 10 10 10 10
 10 10 10 10 10 10 10 11 11 11 11 11 11 11 12 12 12 12 12 12 12 12 12 12
 12 12 12 12 12 12 12 12 12 12 12 12 12 12 12 12 12 12 12 12 12 12 12 12
 12 12 12 12 12 12 13 13 13 13 13 13 13 13 13 13 13 13 13 13 13 13 14 14
 14 14 14 14 14 14 14 14 14 14 14 14 14 14 14 14 14 14 14 14 14 14 14 14
 14 14 14 14 14 14 14 15 15 15 15 15 15 15 15 15 15 16 16 16 16 16 16 16
 16 16 16 16 16 16 16 16 16 16 16 16 16 16 16 16 16 16 16 16 16 16 16 16
 16 16 16 16 16 16 16 16 16 16 16 16 16 16 16 16 16 16 17 17 17 17 17 17
 17 17 17 17 17 17 17 17 17 17 18 18 18 18 18 18 18 18 18 18 18 18 18 18
 18 18 18 18 18 18 18 18 18 18 18 18 18 18 18 18 18 18 18 18 18 18 18 18
 18 18 18 18 18 18 18 18 18 18 18 19 19 19 19 19 19 19 19 19 19 19 19 19
 19 19 19 19 19 19 19 19 19 19 19 19 19 19 19 19 19 19 19 19 19 19 19 19
 19 19 19 19 19 19 19 19 19 19 19 19 19 19 19 19 19 20 20 20 20 20 20 20
 21 21 21 21 21 21 21 21 21 21 21 21 21 21 21 21 21 21 21 21 21 21 21 21
 21 21 21 21 21 21 21 21 21 21 21 21 21 21 21 22 22 22 22 22 22 22 22 22
 22 22 22  0 23  0 24  0]
1348 graph_speaker
[[ 1  3]
 [ 1  5]
 [ 1  7]
 [ 1  9]
 [ 1 11]
 [ 1 13]
 [ 1 15]
 [ 1 17]
 [ 1 19]
 [ 1 21]
 [ 1 23]
 [ 3  1]
 [ 3  5]
 [ 3  7]
 [ 3  9]
 [ 3 11]
 [ 3 13]
 [ 3 15]
 [ 3 17]
 [ 3 19]
 [ 3 21]
 [ 3 23]
 [ 5  1]
 [ 5  3]
 [ 5  7]
 [ 5  9]
 [ 5 11]
 [ 5 13]
 [ 5 15]
 [ 5 17]
 [ 5 19]
 [ 5 21]
 [ 5 23]
 [ 7  1]
 [ 7  3]
 [ 7  5]
 [ 7  9]
 [ 7 11]
 [ 7 13]
 [ 7 15]
 [ 7 17]
 [ 7 19]
 [ 7 21]
 [ 7 23]
 [ 9  1]
 [ 9  3]
 [ 9  5]
 [ 9  7]
 [ 9 11]
 [ 9 13]
 [ 9 15]
 [ 9 17]
 [ 9 19]
 [ 9 21]
 [ 9 23]
 [11  1]
 [11  3]
 [11  5]
 [11  7]
 [11  9]
 [11 13]
 [11 15]
 [11 17]
 [11 19]
 [11 21]
 [11 23]
 [13  1]
 [13  3]
 [13  5]
 [13  7]
 [13  9]
 [13 11]
 [13 15]
 [13 17]
 [13 19]
 [13 21]
 [13 23]
 [15  1]
 [15  3]
 [15  5]
 [15  7]
 [15  9]
 [15 11]
 [15 13]
 [15 17]
 [15 19]
 [15 21]
 [15 23]
 [17  1]
 [17  3]
 [17  5]
 [17  7]
 [17  9]
 [17 11]
 [17 13]
 [17 15]
 [17 19]
 [17 21]
 [17 23]
 [19  1]
 [19  3]
 [19  5]
 [19  7]
 [19  9]
 [19 11]
 [19 13]
 [19 15]
 [19 17]
 [19 21]
 [19 23]
 [21  1]
 [21  3]
 [21  5]
 [21  7]
 [21  9]
 [21 11]
 [21 13]
 [21 15]
 [21 17]
 [21 19]
 [21 23]
 [23  1]
 [23  3]
 [23  5]
 [23  7]
 [23  9]
 [23 11]
 [23 13]
 [23 15]
 [23 17]
 [23 19]
 [23 21]
 [ 2  4]
 [ 2  6]
 [ 2  8]
 [ 2 10]
 [ 2 12]
 [ 2 14]
 [ 2 16]
 [ 2 18]
 [ 2 20]
 [ 2 22]
 [ 4  2]
 [ 4  6]
 [ 4  8]
 [ 4 10]
 [ 4 12]
 [ 4 14]
 [ 4 16]
 [ 4 18]
 [ 4 20]
 [ 4 22]
 [ 6  2]
 [ 6  4]
 [ 6  8]
 [ 6 10]
 [ 6 12]
 [ 6 14]
 [ 6 16]
 [ 6 18]
 [ 6 20]
 [ 6 22]
 [ 8  2]
 [ 8  4]
 [ 8  6]
 [ 8 10]
 [ 8 12]
 [ 8 14]
 [ 8 16]
 [ 8 18]
 [ 8 20]
 [ 8 22]
 [10  2]
 [10  4]
 [10  6]
 [10  8]
 [10 12]
 [10 14]
 [10 16]
 [10 18]
 [10 20]
 [10 22]
 [12  2]
 [12  4]
 [12  6]
 [12  8]
 [12 10]
 [12 14]
 [12 16]
 [12 18]
 [12 20]
 [12 22]
 [14  2]
 [14  4]
 [14  6]
 [14  8]
 [14 10]
 [14 12]
 [14 16]
 [14 18]
 [14 20]
 [14 22]
 [16  2]
 [16  4]
 [16  6]
 [16  8]
 [16 10]
 [16 12]
 [16 14]
 [16 18]
 [16 20]
 [16 22]
 [18  2]
 [18  4]
 [18  6]
 [18  8]
 [18 10]
 [18 12]
 [18 14]
 [18 16]
 [18 20]
 [18 22]
 [20  2]
 [20  4]
 [20  6]
 [20  8]
 [20 10]
 [20 12]
 [20 14]
 [20 16]
 [20 18]
 [20 22]
 [22  2]
 [22  4]
 [22  6]
 [22  8]
 [22 10]
 [22 12]
 [22 14]
 [22 16]
 [22 18]
 [22 20]]
[[ 1  3]
 [ 1  5]
 [ 1  7]
 [ 1  9]
 [ 1 11]
 [ 1 13]
 [ 1 15]
 [ 1 17]
 [ 1 19]
 [ 1 21]
 [ 3  1]
 [ 3  5]
 [ 3  7]
 [ 3  9]
 [ 3 11]
 [ 3 13]
 [ 3 15]
 [ 3 17]
 [ 3 19]
 [ 3 21]
 [ 5  1]
 [ 5  3]
 [ 5  7]
 [ 5  9]
 [ 5 11]
 [ 5 13]
 [ 5 15]
 [ 5 17]
 [ 5 19]
 [ 5 21]
 [ 7  1]
 [ 7  3]
 [ 7  5]
 [ 7  9]
 [ 7 11]
 [ 7 13]
 [ 7 15]
 [ 7 17]
 [ 7 19]
 [ 7 21]
 [ 9  1]
 [ 9  3]
 [ 9  5]
 [ 9  7]
 [ 9 11]
 [ 9 13]
 [ 9 15]
 [ 9 17]
 [ 9 19]
 [ 9 21]
 [11  1]
 [11  3]
 [11  5]
 [11  7]
 [11  9]
 [11 13]
 [11 15]
 [11 17]
 [11 19]
 [11 21]
 [13  1]
 [13  3]
 [13  5]
 [13  7]
 [13  9]
 [13 11]
 [13 15]
 [13 17]
 [13 19]
 [13 21]
 [15  1]
 [15  3]
 [15  5]
 [15  7]
 [15  9]
 [15 11]
 [15 13]
 [15 17]
 [15 19]
 [15 21]
 [17  1]
 [17  3]
 [17  5]
 [17  7]
 [17  9]
 [17 11]
 [17 13]
 [17 15]
 [17 19]
 [17 21]
 [19  1]
 [19  3]
 [19  5]
 [19  7]
 [19  9]
 [19 11]
 [19 13]
 [19 15]
 [19 17]
 [19 21]
 [21  1]
 [21  3]
 [21  5]
 [21  7]
 [21  9]
 [21 11]
 [21 13]
 [21 15]
 [21 17]
 [21 19]
 [ 2  4]
 [ 2  6]
 [ 2  8]
 [ 2 10]
 [ 2 12]
 [ 2 14]
 [ 2 16]
 [ 2 18]
 [ 2 20]
 [ 2 22]
 [ 4  2]
 [ 4  6]
 [ 4  8]
 [ 4 10]
 [ 4 12]
 [ 4 14]
 [ 4 16]
 [ 4 18]
 [ 4 20]
 [ 4 22]
 [ 6  2]
 [ 6  4]
 [ 6  8]
 [ 6 10]
 [ 6 12]
 [ 6 14]
 [ 6 16]
 [ 6 18]
 [ 6 20]
 [ 6 22]
 [ 8  2]
 [ 8  4]
 [ 8  6]
 [ 8 10]
 [ 8 12]
 [ 8 14]
 [ 8 16]
 [ 8 18]
 [ 8 20]
 [ 8 22]
 [10  2]
 [10  4]
 [10  6]
 [10  8]
 [10 12]
 [10 14]
 [10 16]
 [10 18]
 [10 20]
 [10 22]
 [12  2]
 [12  4]
 [12  6]
 [12  8]
 [12 10]
 [12 14]
 [12 16]
 [12 18]
 [12 20]
 [12 22]
 [14  2]
 [14  4]
 [14  6]
 [14  8]
 [14 10]
 [14 12]
 [14 16]
 [14 18]
 [14 20]
 [14 22]
 [16  2]
 [16  4]
 [16  6]
 [16  8]
 [16 10]
 [16 12]
 [16 14]
 [16 18]
 [16 20]
 [16 22]
 [18  2]
 [18  4]
 [18  6]
 [18  8]
 [18 10]
 [18 12]
 [18 14]
 [18 16]
 [18 20]
 [18 22]
 [20  2]
 [20  4]
 [20  6]
 [20  8]
 [20 10]
 [20 12]
 [20 14]
 [20 16]
 [20 18]
 [20 22]
 [22  2]
 [22  4]
 [22  6]
 [22  8]
 [22 10]
 [22 12]
 [22 14]
 [22 16]
 [22 18]
 [22 20]]
1348 graph_dialog
[[ 1  0]
 [ 0  1]
 [ 2  0]
 [ 0  2]
 [ 3  0]
 [ 0  3]
 [ 4  0]
 [ 0  4]
 [ 5  0]
 [ 0  5]
 [ 6  0]
 [ 0  6]
 [ 7  0]
 [ 0  7]
 [ 8  0]
 [ 0  8]
 [ 9  0]
 [ 0  9]
 [10  0]
 [ 0 10]
 [11  0]
 [ 0 11]
 [12  0]
 [ 0 12]
 [13  0]
 [ 0 13]
 [14  0]
 [ 0 14]
 [15  0]
 [ 0 15]
 [16  0]
 [ 0 16]
 [17  0]
 [ 0 17]
 [18  0]
 [ 0 18]
 [19  0]
 [ 0 19]
 [20  0]
 [ 0 20]
 [21  0]
 [ 0 21]
 [22  0]
 [ 0 22]
 [23  0]
 [ 0 23]]
[[ 1  0]
 [ 0  1]
 [ 2  0]
 [ 0  2]
 [ 3  0]
 [ 0  3]
 [ 4  0]
 [ 0  4]
 [ 5  0]
 [ 0  5]
 [ 6  0]
 [ 0  6]
 [ 7  0]
 [ 0  7]
 [ 8  0]
 [ 0  8]
 [ 9  0]
 [ 0  9]
 [10  0]
 [ 0 10]
 [11  0]
 [ 0 11]
 [12  0]
 [ 0 12]
 [13  0]
 [ 0 13]
 [14  0]
 [ 0 14]
 [15  0]
 [ 0 15]
 [16  0]
 [ 0 16]
 [17  0]
 [ 0 17]
 [18  0]
 [ 0 18]
 [19  0]
 [ 0 19]
 [20  0]
 [ 0 20]
 [21  0]
 [ 0 21]
 [22  0]
 [ 0 22]]
1348 graph_entity
[[24  5]
 [ 5 24]
 [24 21]
 [21 24]
 [24 24]
 [24 24]
 [25 13]
 [13 25]
 [25 14]
 [14 25]
 [25 25]
 [25 25]]
[[23  5]
 [ 5 23]
 [23 21]
 [21 23]
 [23 23]
 [23 23]
 [24 13]
 [13 24]
 [24 14]
 [14 24]
 [24 24]
 [24 24]]
1348 turn_masks
1357 speaker_ids
[0 1 1 1 1 1 1 1 1 1 1 1 1 1 1 1 1 1 1 1 1 1 1 1 1 1 1 1 1 2 2 2 2 2 2 2 2
 2 2 2 2 1 1 1 1 1 2 2 2 2 2 2 1 1 1 1 1 1 1 1 1 1 1 1 2 2 2 2 2 2 2 2 2 2
 2 2 2 2 2 2 2 2 2 2 2 2 2 2 2 2 2 2 1 1 1 1 1 1 1 1 1 1 1 1 1 1 1 1 1 1 1
 1 1 1 1 1 1 1 1 1 1 1 1 2 2 2 2 2 1 1 1 1 1 1 1 1 1 2 2 2 2 2 2 2 2 2 2 2
 2 2 2 2 2 2 2 2 2 2 2 2 2 2 2 2 2 2 2 2 2 2 2 2 2 2 2 1 1 1 1 1 1 1 2 2 2
 2 2 2 2 2 2 2 2 2 2 2 2 2 2 2 2 2 2 2 2 2 2 2 2 2 2 2 2 2 2 2 2 2 2 2 2 2
 1 1 1 1 1 1 1 1 1 1 1 1 1 1 1 1 2 2 2 2 2 2 2 2 2 2 2 2 2 2 2 2 2 2 2 2 2
 2 2 2 2 2 2 2 2 2 2 2 2 1 1 1 1 1 1 1 1 1 1 2 2 2 2 2 2 2 2 2 2 2 2 2 2 2
 2 2 2 2 2 2 2 2 2 2 2 2 2 2 2 2 2 2 2 2 2 2 2 2 2 2 2 2 2 2 2 2 2 2 1 1 1
 1 1 1 1 1 1 1 1 1 1 1 1 1 2 2 2 2 2 2 2 2 2 2 2 2 2 2 2 2 2 2 2 2 2 2 2 2
 2 2 2 2 2 2 2 2 2 2 2 2 2 2 2 2 2 2 2 2 2 2 2 2 2 1 1 1 1 1 1 1 1 1 1 1 1
 1 1 1 1 1 1 1 1 1 1 1 1 1 1 1 1 1 1 1 1 1 1 1 1 1 1 1 1 1 1 1 1 1 1 1 1 1
 1 1 1 1 1 2 2 2 2 2 2 2 1 1 1 1 1 1 1 1 1 1 1 1 1 1 1 1 1 1 1 1 1 1 1 1 1
 1 1 1 1 1 1 1 1 1 1 1 1 1 1 2 2 2 2 2 2 2 2 2 2 2 1 0 0 0 0 0]
[0 1 1 1 1 1 1 1 1 1 1 1 1 1 1 1 1 1 1 1 1 1 1 1 1 1 1 1 1 2 2 2 2 2 2 2 2
 2 2 2 2 1 1 1 1 1 2 2 2 2 2 2 1 1 1 1 1 1 1 1 1 1 1 1 2 2 2 2 2 2 2 2 2 2
 2 2 2 2 2 2 2 2 2 2 2 2 2 2 2 2 2 2 1 1 1 1 1 1 1 1 1 1 1 1 1 1 1 1 1 1 1
 1 1 1 1 1 1 1 1 1 1 1 1 2 2 2 2 2 1 1 1 1 1 1 1 1 1 2 2 2 2 2 2 2 2 2 2 2
 2 2 2 2 2 2 2 2 2 2 2 2 2 2 2 2 2 2 2 2 2 2 2 2 2 2 2 1 1 1 1 1 1 1 2 2 2
 2 2 2 2 2 2 2 2 2 2 2 2 2 2 2 2 2 2 2 2 2 2 2 2 2 2 2 2 2 2 2 2 2 2 2 2 2
 1 1 1 1 1 1 1 1 1 1 1 1 1 1 1 1 2 2 2 2 2 2 2 2 2 2 2 2 2 2 2 2 2 2 2 2 2
 2 2 2 2 2 2 2 2 2 2 2 2 1 1 1 1 1 1 1 1 1 1 2 2 2 2 2 2 2 2 2 2 2 2 2 2 2
 2 2 2 2 2 2 2 2 2 2 2 2 2 2 2 2 2 2 2 2 2 2 2 2 2 2 2 2 2 2 2 2 2 2 1 1 1
 1 1 1 1 1 1 1 1 1 1 1 1 1 2 2 2 2 2 2 2 2 2 2 2 2 2 2 2 2 2 2 2 2 2 2 2 2
 2 2 2 2 2 2 2 2 2 2 2 2 2 2 2 2 2 2 2 2 2 2 2 2 2 1 1 1 1 1 1 1 1 1 1 1 1
 1 1 1 1 1 1 1 1 1 1 1 1 1 1 1 1 1 1 1 1 1 1 1 1 1 1 1 1 1 1 1 1 1 1 1 1 1
 1 1 1 1 1 2 2 2 2 2 2 2 1 1 1 1 1 1 1 1 1 1 1 1 1 1 1 1 1 1 1 1 1 1 1 1 1
 1 1 1 1 1 1 1 1 1 1 1 1 1 1 2 2 2 2 2 2 2 2 2 2 2 2 0 0 0 0 0]
1357 mention_ids
[ 0  1  1  1  1  1  1  1  1  1  1  1  1  1  1  1  1  1  1  1  1  1  1  1
  1  1  1  1  1  2  2  2  2  2  2  2  2  2  2  2  2  3  3  3  3  3  4  4
  4  4  4  4  5  5  5  5  5  5  5  5  5  5  5  5  6  6  6  6  6  6  6  6
  6  6  6  6  6  6  6  6  6  6  6  6  6  6  6  6  6  6  6  6  7  7  7  7
  7  7  7  7  7  7  7  7  7  7  7  7  7  7  7  7  7  7  7  7  7  7  7  7
  7  7  7  8  8  8  8  8  9  9  9  9  9  9  9  9  9 10 10 10 10 10 10 10
 10 10 10 10 10 10 10 10 10 10 10 10 10 10 10 10 10 10 10 10 10 10 10 10
 10 10 10 10 10 10 10 11 11 11 11 11 11 11 12 12 12 12 12 12 12 12 12 12
 12 12 12 12 12 12 12 12 12 12 12 12 12 12 12 12 12 12 12 12 12 12 12 12
 12 12 12 12 12 12 13 13 13 13 13 13 13 13 13 13 13 13 13 13 13 13 14 14
 14 14 14 14 14 14 14 14 14 14 14 14 14 14 14 14 14 14 14 14 14 14 14 14
 14 14 14 14 14 14 14 15 15 15 15 15 15 15 15 15 15 16 16 16 16 16 16 16
 16 16 16 16 16 16 16 16 16 16 16 16 16 16 16 16 16 16 16 16 16 16 16 16
 16 16 16 16 16 16 16 16 16 16 16 16 16 16 16 16 16 16 17 17 17 17 17 17
 17 17 17 17 17 17 17 17 17 17 18 18 18 18 18 18 18 18 18 18 18 18 18 18
 18 18 18 18 18 18 18 18 18 18 18 18 18 18 18 18 18 18 18 18 18 18 18 18
 18 18 18 18 18 18 18 18 18 18 18 19 19 19 19 19 19 19 19 19 19 19 19 19
 19 19 19 19 19 19 19 19 19 19 19 19 19 19 19 19 19 19 19 19 19 19 19 19
 19 19 19 19 19 19 19 19 19 19 19 19 19 19 19 19 19 20 20 20 20 20 20 20
 21 21 21 21 21 21 21 21 21 21 21 21 21 21 21 21 21 21 21 21 21 21 21 21
 21 21 21 21 21 21 21 21 21 21 21 21 21 21 21 22 22 22 22 22 22 22 22 22
 22 22 23  0 24  0 25  0]
[ 0  1  1  1  1  1  1  1  1  1  1  1  1  1  1  1  1  1  1  1  1  1  1  1
  1  1  1  1  1  2  2  2  2  2  2  2  2  2  2  2  2  3  3  3  3  3  4  4
  4  4  4  4  5  5  5  5  5  5  5  5  5  5  5  5  6  6  6  6  6  6  6  6
  6  6  6  6  6  6  6  6  6  6  6  6  6  6  6  6  6  6  6  6  7  7  7  7
  7  7  7  7  7  7  7  7  7  7  7  7  7  7  7  7  7  7  7  7  7  7  7  7
  7  7  7  8  8  8  8  8  9  9  9  9  9  9  9  9  9 10 10 10 10 10 10 10
 10 10 10 10 10 10 10 10 10 10 10 10 10 10 10 10 10 10 10 10 10 10 10 10
 10 10 10 10 10 10 10 11 11 11 11 11 11 11 12 12 12 12 12 12 12 12 12 12
 12 12 12 12 12 12 12 12 12 12 12 12 12 12 12 12 12 12 12 12 12 12 12 12
 12 12 12 12 12 12 13 13 13 13 13 13 13 13 13 13 13 13 13 13 13 13 14 14
 14 14 14 14 14 14 14 14 14 14 14 14 14 14 14 14 14 14 14 14 14 14 14 14
 14 14 14 14 14 14 14 15 15 15 15 15 15 15 15 15 15 16 16 16 16 16 16 16
 16 16 16 16 16 16 16 16 16 16 16 16 16 16 16 16 16 16 16 16 16 16 16 16
 16 16 16 16 16 16 16 16 16 16 16 16 16 16 16 16 16 16 17 17 17 17 17 17
 17 17 17 17 17 17 17 17 17 17 18 18 18 18 18 18 18 18 18 18 18 18 18 18
 18 18 18 18 18 18 18 18 18 18 18 18 18 18 18 18 18 18 18 18 18 18 18 18
 18 18 18 18 18 18 18 18 18 18 18 19 19 19 19 19 19 19 19 19 19 19 19 19
 19 19 19 19 19 19 19 19 19 19 19 19 19 19 19 19 19 19 19 19 19 19 19 19
 19 19 19 19 19 19 19 19 19 19 19 19 19 19 19 19 19 20 20 20 20 20 20 20
 21 21 21 21 21 21 21 21 21 21 21 21 21 21 21 21 21 21 21 21 21 21 21 21
 21 21 21 21 21 21 21 21 21 21 21 21 21 21 21 22 22 22 22 22 22 22 22 22
 22 22 22  0 23  0 24  0]
1357 graph_speaker
[[ 1  3]
 [ 1  5]
 [ 1  7]
 [ 1  9]
 [ 1 11]
 [ 1 13]
 [ 1 15]
 [ 1 17]
 [ 1 19]
 [ 1 21]
 [ 1 23]
 [ 3  1]
 [ 3  5]
 [ 3  7]
 [ 3  9]
 [ 3 11]
 [ 3 13]
 [ 3 15]
 [ 3 17]
 [ 3 19]
 [ 3 21]
 [ 3 23]
 [ 5  1]
 [ 5  3]
 [ 5  7]
 [ 5  9]
 [ 5 11]
 [ 5 13]
 [ 5 15]
 [ 5 17]
 [ 5 19]
 [ 5 21]
 [ 5 23]
 [ 7  1]
 [ 7  3]
 [ 7  5]
 [ 7  9]
 [ 7 11]
 [ 7 13]
 [ 7 15]
 [ 7 17]
 [ 7 19]
 [ 7 21]
 [ 7 23]
 [ 9  1]
 [ 9  3]
 [ 9  5]
 [ 9  7]
 [ 9 11]
 [ 9 13]
 [ 9 15]
 [ 9 17]
 [ 9 19]
 [ 9 21]
 [ 9 23]
 [11  1]
 [11  3]
 [11  5]
 [11  7]
 [11  9]
 [11 13]
 [11 15]
 [11 17]
 [11 19]
 [11 21]
 [11 23]
 [13  1]
 [13  3]
 [13  5]
 [13  7]
 [13  9]
 [13 11]
 [13 15]
 [13 17]
 [13 19]
 [13 21]
 [13 23]
 [15  1]
 [15  3]
 [15  5]
 [15  7]
 [15  9]
 [15 11]
 [15 13]
 [15 17]
 [15 19]
 [15 21]
 [15 23]
 [17  1]
 [17  3]
 [17  5]
 [17  7]
 [17  9]
 [17 11]
 [17 13]
 [17 15]
 [17 19]
 [17 21]
 [17 23]
 [19  1]
 [19  3]
 [19  5]
 [19  7]
 [19  9]
 [19 11]
 [19 13]
 [19 15]
 [19 17]
 [19 21]
 [19 23]
 [21  1]
 [21  3]
 [21  5]
 [21  7]
 [21  9]
 [21 11]
 [21 13]
 [21 15]
 [21 17]
 [21 19]
 [21 23]
 [23  1]
 [23  3]
 [23  5]
 [23  7]
 [23  9]
 [23 11]
 [23 13]
 [23 15]
 [23 17]
 [23 19]
 [23 21]
 [ 2  4]
 [ 2  6]
 [ 2  8]
 [ 2 10]
 [ 2 12]
 [ 2 14]
 [ 2 16]
 [ 2 18]
 [ 2 20]
 [ 2 22]
 [ 4  2]
 [ 4  6]
 [ 4  8]
 [ 4 10]
 [ 4 12]
 [ 4 14]
 [ 4 16]
 [ 4 18]
 [ 4 20]
 [ 4 22]
 [ 6  2]
 [ 6  4]
 [ 6  8]
 [ 6 10]
 [ 6 12]
 [ 6 14]
 [ 6 16]
 [ 6 18]
 [ 6 20]
 [ 6 22]
 [ 8  2]
 [ 8  4]
 [ 8  6]
 [ 8 10]
 [ 8 12]
 [ 8 14]
 [ 8 16]
 [ 8 18]
 [ 8 20]
 [ 8 22]
 [10  2]
 [10  4]
 [10  6]
 [10  8]
 [10 12]
 [10 14]
 [10 16]
 [10 18]
 [10 20]
 [10 22]
 [12  2]
 [12  4]
 [12  6]
 [12  8]
 [12 10]
 [12 14]
 [12 16]
 [12 18]
 [12 20]
 [12 22]
 [14  2]
 [14  4]
 [14  6]
 [14  8]
 [14 10]
 [14 12]
 [14 16]
 [14 18]
 [14 20]
 [14 22]
 [16  2]
 [16  4]
 [16  6]
 [16  8]
 [16 10]
 [16 12]
 [16 14]
 [16 18]
 [16 20]
 [16 22]
 [18  2]
 [18  4]
 [18  6]
 [18  8]
 [18 10]
 [18 12]
 [18 14]
 [18 16]
 [18 20]
 [18 22]
 [20  2]
 [20  4]
 [20  6]
 [20  8]
 [20 10]
 [20 12]
 [20 14]
 [20 16]
 [20 18]
 [20 22]
 [22  2]
 [22  4]
 [22  6]
 [22  8]
 [22 10]
 [22 12]
 [22 14]
 [22 16]
 [22 18]
 [22 20]]
[[ 1  3]
 [ 1  5]
 [ 1  7]
 [ 1  9]
 [ 1 11]
 [ 1 13]
 [ 1 15]
 [ 1 17]
 [ 1 19]
 [ 1 21]
 [ 3  1]
 [ 3  5]
 [ 3  7]
 [ 3  9]
 [ 3 11]
 [ 3 13]
 [ 3 15]
 [ 3 17]
 [ 3 19]
 [ 3 21]
 [ 5  1]
 [ 5  3]
 [ 5  7]
 [ 5  9]
 [ 5 11]
 [ 5 13]
 [ 5 15]
 [ 5 17]
 [ 5 19]
 [ 5 21]
 [ 7  1]
 [ 7  3]
 [ 7  5]
 [ 7  9]
 [ 7 11]
 [ 7 13]
 [ 7 15]
 [ 7 17]
 [ 7 19]
 [ 7 21]
 [ 9  1]
 [ 9  3]
 [ 9  5]
 [ 9  7]
 [ 9 11]
 [ 9 13]
 [ 9 15]
 [ 9 17]
 [ 9 19]
 [ 9 21]
 [11  1]
 [11  3]
 [11  5]
 [11  7]
 [11  9]
 [11 13]
 [11 15]
 [11 17]
 [11 19]
 [11 21]
 [13  1]
 [13  3]
 [13  5]
 [13  7]
 [13  9]
 [13 11]
 [13 15]
 [13 17]
 [13 19]
 [13 21]
 [15  1]
 [15  3]
 [15  5]
 [15  7]
 [15  9]
 [15 11]
 [15 13]
 [15 17]
 [15 19]
 [15 21]
 [17  1]
 [17  3]
 [17  5]
 [17  7]
 [17  9]
 [17 11]
 [17 13]
 [17 15]
 [17 19]
 [17 21]
 [19  1]
 [19  3]
 [19  5]
 [19  7]
 [19  9]
 [19 11]
 [19 13]
 [19 15]
 [19 17]
 [19 21]
 [21  1]
 [21  3]
 [21  5]
 [21  7]
 [21  9]
 [21 11]
 [21 13]
 [21 15]
 [21 17]
 [21 19]
 [ 2  4]
 [ 2  6]
 [ 2  8]
 [ 2 10]
 [ 2 12]
 [ 2 14]
 [ 2 16]
 [ 2 18]
 [ 2 20]
 [ 2 22]
 [ 4  2]
 [ 4  6]
 [ 4  8]
 [ 4 10]
 [ 4 12]
 [ 4 14]
 [ 4 16]
 [ 4 18]
 [ 4 20]
 [ 4 22]
 [ 6  2]
 [ 6  4]
 [ 6  8]
 [ 6 10]
 [ 6 12]
 [ 6 14]
 [ 6 16]
 [ 6 18]
 [ 6 20]
 [ 6 22]
 [ 8  2]
 [ 8  4]
 [ 8  6]
 [ 8 10]
 [ 8 12]
 [ 8 14]
 [ 8 16]
 [ 8 18]
 [ 8 20]
 [ 8 22]
 [10  2]
 [10  4]
 [10  6]
 [10  8]
 [10 12]
 [10 14]
 [10 16]
 [10 18]
 [10 20]
 [10 22]
 [12  2]
 [12  4]
 [12  6]
 [12  8]
 [12 10]
 [12 14]
 [12 16]
 [12 18]
 [12 20]
 [12 22]
 [14  2]
 [14  4]
 [14  6]
 [14  8]
 [14 10]
 [14 12]
 [14 16]
 [14 18]
 [14 20]
 [14 22]
 [16  2]
 [16  4]
 [16  6]
 [16  8]
 [16 10]
 [16 12]
 [16 14]
 [16 18]
 [16 20]
 [16 22]
 [18  2]
 [18  4]
 [18  6]
 [18  8]
 [18 10]
 [18 12]
 [18 14]
 [18 16]
 [18 20]
 [18 22]
 [20  2]
 [20  4]
 [20  6]
 [20  8]
 [20 10]
 [20 12]
 [20 14]
 [20 16]
 [20 18]
 [20 22]
 [22  2]
 [22  4]
 [22  6]
 [22  8]
 [22 10]
 [22 12]
 [22 14]
 [22 16]
 [22 18]
 [22 20]]
1357 graph_dialog
[[ 1  0]
 [ 0  1]
 [ 2  0]
 [ 0  2]
 [ 3  0]
 [ 0  3]
 [ 4  0]
 [ 0  4]
 [ 5  0]
 [ 0  5]
 [ 6  0]
 [ 0  6]
 [ 7  0]
 [ 0  7]
 [ 8  0]
 [ 0  8]
 [ 9  0]
 [ 0  9]
 [10  0]
 [ 0 10]
 [11  0]
 [ 0 11]
 [12  0]
 [ 0 12]
 [13  0]
 [ 0 13]
 [14  0]
 [ 0 14]
 [15  0]
 [ 0 15]
 [16  0]
 [ 0 16]
 [17  0]
 [ 0 17]
 [18  0]
 [ 0 18]
 [19  0]
 [ 0 19]
 [20  0]
 [ 0 20]
 [21  0]
 [ 0 21]
 [22  0]
 [ 0 22]
 [23  0]
 [ 0 23]]
[[ 1  0]
 [ 0  1]
 [ 2  0]
 [ 0  2]
 [ 3  0]
 [ 0  3]
 [ 4  0]
 [ 0  4]
 [ 5  0]
 [ 0  5]
 [ 6  0]
 [ 0  6]
 [ 7  0]
 [ 0  7]
 [ 8  0]
 [ 0  8]
 [ 9  0]
 [ 0  9]
 [10  0]
 [ 0 10]
 [11  0]
 [ 0 11]
 [12  0]
 [ 0 12]
 [13  0]
 [ 0 13]
 [14  0]
 [ 0 14]
 [15  0]
 [ 0 15]
 [16  0]
 [ 0 16]
 [17  0]
 [ 0 17]
 [18  0]
 [ 0 18]
 [19  0]
 [ 0 19]
 [20  0]
 [ 0 20]
 [21  0]
 [ 0 21]
 [22  0]
 [ 0 22]]
1357 graph_entity
[[24 15]
 [15 24]
 [24 16]
 [16 24]
 [24 24]
 [24 24]
 [25  5]
 [ 5 25]
 [25 21]
 [21 25]
 [25 25]
 [25 25]]
[[23 15]
 [15 23]
 [23 16]
 [16 23]
 [23 23]
 [23 23]
 [24  5]
 [ 5 24]
 [24 21]
 [21 24]
 [24 24]
 [24 24]]
1357 turn_masks
1363 speaker_ids
[0 1 1 1 1 1 1 1 1 1 1 1 1 1 1 1 1 1 1 1 1 1 1 1 1 1 1 1 1 2 2 2 2 2 2 2 2
 2 2 2 2 1 1 1 1 1 2 2 2 2 2 2 1 1 1 1 1 1 1 1 1 1 1 1 2 2 2 2 2 2 2 2 2 2
 2 2 2 2 2 2 2 2 2 2 2 2 2 2 2 2 2 2 1 1 1 1 1 1 1 1 1 1 1 1 1 1 1 1 1 1 1
 1 1 1 1 1 1 1 1 1 1 1 1 2 2 2 2 2 1 1 1 1 1 1 1 1 1 2 2 2 2 2 2 2 2 2 2 2
 2 2 2 2 2 2 2 2 2 2 2 2 2 2 2 2 2 2 2 2 2 2 2 2 2 2 2 1 1 1 1 1 1 1 2 2 2
 2 2 2 2 2 2 2 2 2 2 2 2 2 2 2 2 2 2 2 2 2 2 2 2 2 2 2 2 2 2 2 2 2 2 2 2 2
 1 1 1 1 1 1 1 1 1 1 1 1 1 1 1 1 2 2 2 2 2 2 2 2 2 2 2 2 2 2 2 2 2 2 2 2 2
 2 2 2 2 2 2 2 2 2 2 2 2 1 1 1 1 1 1 1 1 1 1 2 2 2 2 2 2 2 2 2 2 2 2 2 2 2
 2 2 2 2 2 2 2 2 2 2 2 2 2 2 2 2 2 2 2 2 2 2 2 2 2 2 2 2 2 2 2 2 2 2 1 1 1
 1 1 1 1 1 1 1 1 1 1 1 1 1 2 2 2 2 2 2 2 2 2 2 2 2 2 2 2 2 2 2 2 2 2 2 2 2
 2 2 2 2 2 2 2 2 2 2 2 2 2 2 2 2 2 2 2 2 2 2 2 2 2 1 1 1 1 1 1 1 1 1 1 1 1
 1 1 1 1 1 1 1 1 1 1 1 1 1 1 1 1 1 1 1 1 1 1 1 1 1 1 1 1 1 1 1 1 1 1 1 1 1
 1 1 1 1 1 2 2 2 2 2 2 2 1 1 1 1 1 1 1 1 1 1 1 1 1 1 1 1 1 1 1 1 1 1 1 1 1
 1 1 1 1 1 1 1 1 1 1 1 1 1 1 2 2 2 2 2 2 2 2 2 2 2 1 0 0 0 0 0]
[0 1 1 1 1 1 1 1 1 1 1 1 1 1 1 1 1 1 1 1 1 1 1 1 1 1 1 1 1 2 2 2 2 2 2 2 2
 2 2 2 2 1 1 1 1 1 2 2 2 2 2 2 1 1 1 1 1 1 1 1 1 1 1 1 2 2 2 2 2 2 2 2 2 2
 2 2 2 2 2 2 2 2 2 2 2 2 2 2 2 2 2 2 1 1 1 1 1 1 1 1 1 1 1 1 1 1 1 1 1 1 1
 1 1 1 1 1 1 1 1 1 1 1 1 2 2 2 2 2 1 1 1 1 1 1 1 1 1 2 2 2 2 2 2 2 2 2 2 2
 2 2 2 2 2 2 2 2 2 2 2 2 2 2 2 2 2 2 2 2 2 2 2 2 2 2 2 1 1 1 1 1 1 1 2 2 2
 2 2 2 2 2 2 2 2 2 2 2 2 2 2 2 2 2 2 2 2 2 2 2 2 2 2 2 2 2 2 2 2 2 2 2 2 2
 1 1 1 1 1 1 1 1 1 1 1 1 1 1 1 1 2 2 2 2 2 2 2 2 2 2 2 2 2 2 2 2 2 2 2 2 2
 2 2 2 2 2 2 2 2 2 2 2 2 1 1 1 1 1 1 1 1 1 1 2 2 2 2 2 2 2 2 2 2 2 2 2 2 2
 2 2 2 2 2 2 2 2 2 2 2 2 2 2 2 2 2 2 2 2 2 2 2 2 2 2 2 2 2 2 2 2 2 2 1 1 1
 1 1 1 1 1 1 1 1 1 1 1 1 1 2 2 2 2 2 2 2 2 2 2 2 2 2 2 2 2 2 2 2 2 2 2 2 2
 2 2 2 2 2 2 2 2 2 2 2 2 2 2 2 2 2 2 2 2 2 2 2 2 2 1 1 1 1 1 1 1 1 1 1 1 1
 1 1 1 1 1 1 1 1 1 1 1 1 1 1 1 1 1 1 1 1 1 1 1 1 1 1 1 1 1 1 1 1 1 1 1 1 1
 1 1 1 1 1 2 2 2 2 2 2 2 1 1 1 1 1 1 1 1 1 1 1 1 1 1 1 1 1 1 1 1 1 1 1 1 1
 1 1 1 1 1 1 1 1 1 1 1 1 1 1 2 2 2 2 2 2 2 2 2 2 2 2 0 0 0 0 0]
1363 mention_ids
[ 0  1  1  1  1  1  1  1  1  1  1  1  1  1  1  1  1  1  1  1  1  1  1  1
  1  1  1  1  1  2  2  2  2  2  2  2  2  2  2  2  2  3  3  3  3  3  4  4
  4  4  4  4  5  5  5  5  5  5  5  5  5  5  5  5  6  6  6  6  6  6  6  6
  6  6  6  6  6  6  6  6  6  6  6  6  6  6  6  6  6  6  6  6  7  7  7  7
  7  7  7  7  7  7  7  7  7  7  7  7  7  7  7  7  7  7  7  7  7  7  7  7
  7  7  7  8  8  8  8  8  9  9  9  9  9  9  9  9  9 10 10 10 10 10 10 10
 10 10 10 10 10 10 10 10 10 10 10 10 10 10 10 10 10 10 10 10 10 10 10 10
 10 10 10 10 10 10 10 11 11 11 11 11 11 11 12 12 12 12 12 12 12 12 12 12
 12 12 12 12 12 12 12 12 12 12 12 12 12 12 12 12 12 12 12 12 12 12 12 12
 12 12 12 12 12 12 13 13 13 13 13 13 13 13 13 13 13 13 13 13 13 13 14 14
 14 14 14 14 14 14 14 14 14 14 14 14 14 14 14 14 14 14 14 14 14 14 14 14
 14 14 14 14 14 14 14 15 15 15 15 15 15 15 15 15 15 16 16 16 16 16 16 16
 16 16 16 16 16 16 16 16 16 16 16 16 16 16 16 16 16 16 16 16 16 16 16 16
 16 16 16 16 16 16 16 16 16 16 16 16 16 16 16 16 16 16 17 17 17 17 17 17
 17 17 17 17 17 17 17 17 17 17 18 18 18 18 18 18 18 18 18 18 18 18 18 18
 18 18 18 18 18 18 18 18 18 18 18 18 18 18 18 18 18 18 18 18 18 18 18 18
 18 18 18 18 18 18 18 18 18 18 18 19 19 19 19 19 19 19 19 19 19 19 19 19
 19 19 19 19 19 19 19 19 19 19 19 19 19 19 19 19 19 19 19 19 19 19 19 19
 19 19 19 19 19 19 19 19 19 19 19 19 19 19 19 19 19 20 20 20 20 20 20 20
 21 21 21 21 21 21 21 21 21 21 21 21 21 21 21 21 21 21 21 21 21 21 21 21
 21 21 21 21 21 21 21 21 21 21 21 21 21 21 21 22 22 22 22 22 22 22 22 22
 22 22 23  0 24  0 25  0]
[ 0  1  1  1  1  1  1  1  1  1  1  1  1  1  1  1  1  1  1  1  1  1  1  1
  1  1  1  1  1  2  2  2  2  2  2  2  2  2  2  2  2  3  3  3  3  3  4  4
  4  4  4  4  5  5  5  5  5  5  5  5  5  5  5  5  6  6  6  6  6  6  6  6
  6  6  6  6  6  6  6  6  6  6  6  6  6  6  6  6  6  6  6  6  7  7  7  7
  7  7  7  7  7  7  7  7  7  7  7  7  7  7  7  7  7  7  7  7  7  7  7  7
  7  7  7  8  8  8  8  8  9  9  9  9  9  9  9  9  9 10 10 10 10 10 10 10
 10 10 10 10 10 10 10 10 10 10 10 10 10 10 10 10 10 10 10 10 10 10 10 10
 10 10 10 10 10 10 10 11 11 11 11 11 11 11 12 12 12 12 12 12 12 12 12 12
 12 12 12 12 12 12 12 12 12 12 12 12 12 12 12 12 12 12 12 12 12 12 12 12
 12 12 12 12 12 12 13 13 13 13 13 13 13 13 13 13 13 13 13 13 13 13 14 14
 14 14 14 14 14 14 14 14 14 14 14 14 14 14 14 14 14 14 14 14 14 14 14 14
 14 14 14 14 14 14 14 15 15 15 15 15 15 15 15 15 15 16 16 16 16 16 16 16
 16 16 16 16 16 16 16 16 16 16 16 16 16 16 16 16 16 16 16 16 16 16 16 16
 16 16 16 16 16 16 16 16 16 16 16 16 16 16 16 16 16 16 17 17 17 17 17 17
 17 17 17 17 17 17 17 17 17 17 18 18 18 18 18 18 18 18 18 18 18 18 18 18
 18 18 18 18 18 18 18 18 18 18 18 18 18 18 18 18 18 18 18 18 18 18 18 18
 18 18 18 18 18 18 18 18 18 18 18 19 19 19 19 19 19 19 19 19 19 19 19 19
 19 19 19 19 19 19 19 19 19 19 19 19 19 19 19 19 19 19 19 19 19 19 19 19
 19 19 19 19 19 19 19 19 19 19 19 19 19 19 19 19 19 20 20 20 20 20 20 20
 21 21 21 21 21 21 21 21 21 21 21 21 21 21 21 21 21 21 21 21 21 21 21 21
 21 21 21 21 21 21 21 21 21 21 21 21 21 21 21 22 22 22 22 22 22 22 22 22
 22 22 22  0 23  0 24  0]
1363 graph_speaker
[[ 1  3]
 [ 1  5]
 [ 1  7]
 [ 1  9]
 [ 1 11]
 [ 1 13]
 [ 1 15]
 [ 1 17]
 [ 1 19]
 [ 1 21]
 [ 1 23]
 [ 3  1]
 [ 3  5]
 [ 3  7]
 [ 3  9]
 [ 3 11]
 [ 3 13]
 [ 3 15]
 [ 3 17]
 [ 3 19]
 [ 3 21]
 [ 3 23]
 [ 5  1]
 [ 5  3]
 [ 5  7]
 [ 5  9]
 [ 5 11]
 [ 5 13]
 [ 5 15]
 [ 5 17]
 [ 5 19]
 [ 5 21]
 [ 5 23]
 [ 7  1]
 [ 7  3]
 [ 7  5]
 [ 7  9]
 [ 7 11]
 [ 7 13]
 [ 7 15]
 [ 7 17]
 [ 7 19]
 [ 7 21]
 [ 7 23]
 [ 9  1]
 [ 9  3]
 [ 9  5]
 [ 9  7]
 [ 9 11]
 [ 9 13]
 [ 9 15]
 [ 9 17]
 [ 9 19]
 [ 9 21]
 [ 9 23]
 [11  1]
 [11  3]
 [11  5]
 [11  7]
 [11  9]
 [11 13]
 [11 15]
 [11 17]
 [11 19]
 [11 21]
 [11 23]
 [13  1]
 [13  3]
 [13  5]
 [13  7]
 [13  9]
 [13 11]
 [13 15]
 [13 17]
 [13 19]
 [13 21]
 [13 23]
 [15  1]
 [15  3]
 [15  5]
 [15  7]
 [15  9]
 [15 11]
 [15 13]
 [15 17]
 [15 19]
 [15 21]
 [15 23]
 [17  1]
 [17  3]
 [17  5]
 [17  7]
 [17  9]
 [17 11]
 [17 13]
 [17 15]
 [17 19]
 [17 21]
 [17 23]
 [19  1]
 [19  3]
 [19  5]
 [19  7]
 [19  9]
 [19 11]
 [19 13]
 [19 15]
 [19 17]
 [19 21]
 [19 23]
 [21  1]
 [21  3]
 [21  5]
 [21  7]
 [21  9]
 [21 11]
 [21 13]
 [21 15]
 [21 17]
 [21 19]
 [21 23]
 [23  1]
 [23  3]
 [23  5]
 [23  7]
 [23  9]
 [23 11]
 [23 13]
 [23 15]
 [23 17]
 [23 19]
 [23 21]
 [ 2  4]
 [ 2  6]
 [ 2  8]
 [ 2 10]
 [ 2 12]
 [ 2 14]
 [ 2 16]
 [ 2 18]
 [ 2 20]
 [ 2 22]
 [ 4  2]
 [ 4  6]
 [ 4  8]
 [ 4 10]
 [ 4 12]
 [ 4 14]
 [ 4 16]
 [ 4 18]
 [ 4 20]
 [ 4 22]
 [ 6  2]
 [ 6  4]
 [ 6  8]
 [ 6 10]
 [ 6 12]
 [ 6 14]
 [ 6 16]
 [ 6 18]
 [ 6 20]
 [ 6 22]
 [ 8  2]
 [ 8  4]
 [ 8  6]
 [ 8 10]
 [ 8 12]
 [ 8 14]
 [ 8 16]
 [ 8 18]
 [ 8 20]
 [ 8 22]
 [10  2]
 [10  4]
 [10  6]
 [10  8]
 [10 12]
 [10 14]
 [10 16]
 [10 18]
 [10 20]
 [10 22]
 [12  2]
 [12  4]
 [12  6]
 [12  8]
 [12 10]
 [12 14]
 [12 16]
 [12 18]
 [12 20]
 [12 22]
 [14  2]
 [14  4]
 [14  6]
 [14  8]
 [14 10]
 [14 12]
 [14 16]
 [14 18]
 [14 20]
 [14 22]
 [16  2]
 [16  4]
 [16  6]
 [16  8]
 [16 10]
 [16 12]
 [16 14]
 [16 18]
 [16 20]
 [16 22]
 [18  2]
 [18  4]
 [18  6]
 [18  8]
 [18 10]
 [18 12]
 [18 14]
 [18 16]
 [18 20]
 [18 22]
 [20  2]
 [20  4]
 [20  6]
 [20  8]
 [20 10]
 [20 12]
 [20 14]
 [20 16]
 [20 18]
 [20 22]
 [22  2]
 [22  4]
 [22  6]
 [22  8]
 [22 10]
 [22 12]
 [22 14]
 [22 16]
 [22 18]
 [22 20]]
[[ 1  3]
 [ 1  5]
 [ 1  7]
 [ 1  9]
 [ 1 11]
 [ 1 13]
 [ 1 15]
 [ 1 17]
 [ 1 19]
 [ 1 21]
 [ 3  1]
 [ 3  5]
 [ 3  7]
 [ 3  9]
 [ 3 11]
 [ 3 13]
 [ 3 15]
 [ 3 17]
 [ 3 19]
 [ 3 21]
 [ 5  1]
 [ 5  3]
 [ 5  7]
 [ 5  9]
 [ 5 11]
 [ 5 13]
 [ 5 15]
 [ 5 17]
 [ 5 19]
 [ 5 21]
 [ 7  1]
 [ 7  3]
 [ 7  5]
 [ 7  9]
 [ 7 11]
 [ 7 13]
 [ 7 15]
 [ 7 17]
 [ 7 19]
 [ 7 21]
 [ 9  1]
 [ 9  3]
 [ 9  5]
 [ 9  7]
 [ 9 11]
 [ 9 13]
 [ 9 15]
 [ 9 17]
 [ 9 19]
 [ 9 21]
 [11  1]
 [11  3]
 [11  5]
 [11  7]
 [11  9]
 [11 13]
 [11 15]
 [11 17]
 [11 19]
 [11 21]
 [13  1]
 [13  3]
 [13  5]
 [13  7]
 [13  9]
 [13 11]
 [13 15]
 [13 17]
 [13 19]
 [13 21]
 [15  1]
 [15  3]
 [15  5]
 [15  7]
 [15  9]
 [15 11]
 [15 13]
 [15 17]
 [15 19]
 [15 21]
 [17  1]
 [17  3]
 [17  5]
 [17  7]
 [17  9]
 [17 11]
 [17 13]
 [17 15]
 [17 19]
 [17 21]
 [19  1]
 [19  3]
 [19  5]
 [19  7]
 [19  9]
 [19 11]
 [19 13]
 [19 15]
 [19 17]
 [19 21]
 [21  1]
 [21  3]
 [21  5]
 [21  7]
 [21  9]
 [21 11]
 [21 13]
 [21 15]
 [21 17]
 [21 19]
 [ 2  4]
 [ 2  6]
 [ 2  8]
 [ 2 10]
 [ 2 12]
 [ 2 14]
 [ 2 16]
 [ 2 18]
 [ 2 20]
 [ 2 22]
 [ 4  2]
 [ 4  6]
 [ 4  8]
 [ 4 10]
 [ 4 12]
 [ 4 14]
 [ 4 16]
 [ 4 18]
 [ 4 20]
 [ 4 22]
 [ 6  2]
 [ 6  4]
 [ 6  8]
 [ 6 10]
 [ 6 12]
 [ 6 14]
 [ 6 16]
 [ 6 18]
 [ 6 20]
 [ 6 22]
 [ 8  2]
 [ 8  4]
 [ 8  6]
 [ 8 10]
 [ 8 12]
 [ 8 14]
 [ 8 16]
 [ 8 18]
 [ 8 20]
 [ 8 22]
 [10  2]
 [10  4]
 [10  6]
 [10  8]
 [10 12]
 [10 14]
 [10 16]
 [10 18]
 [10 20]
 [10 22]
 [12  2]
 [12  4]
 [12  6]
 [12  8]
 [12 10]
 [12 14]
 [12 16]
 [12 18]
 [12 20]
 [12 22]
 [14  2]
 [14  4]
 [14  6]
 [14  8]
 [14 10]
 [14 12]
 [14 16]
 [14 18]
 [14 20]
 [14 22]
 [16  2]
 [16  4]
 [16  6]
 [16  8]
 [16 10]
 [16 12]
 [16 14]
 [16 18]
 [16 20]
 [16 22]
 [18  2]
 [18  4]
 [18  6]
 [18  8]
 [18 10]
 [18 12]
 [18 14]
 [18 16]
 [18 20]
 [18 22]
 [20  2]
 [20  4]
 [20  6]
 [20  8]
 [20 10]
 [20 12]
 [20 14]
 [20 16]
 [20 18]
 [20 22]
 [22  2]
 [22  4]
 [22  6]
 [22  8]
 [22 10]
 [22 12]
 [22 14]
 [22 16]
 [22 18]
 [22 20]]
1363 graph_dialog
[[ 1  0]
 [ 0  1]
 [ 2  0]
 [ 0  2]
 [ 3  0]
 [ 0  3]
 [ 4  0]
 [ 0  4]
 [ 5  0]
 [ 0  5]
 [ 6  0]
 [ 0  6]
 [ 7  0]
 [ 0  7]
 [ 8  0]
 [ 0  8]
 [ 9  0]
 [ 0  9]
 [10  0]
 [ 0 10]
 [11  0]
 [ 0 11]
 [12  0]
 [ 0 12]
 [13  0]
 [ 0 13]
 [14  0]
 [ 0 14]
 [15  0]
 [ 0 15]
 [16  0]
 [ 0 16]
 [17  0]
 [ 0 17]
 [18  0]
 [ 0 18]
 [19  0]
 [ 0 19]
 [20  0]
 [ 0 20]
 [21  0]
 [ 0 21]
 [22  0]
 [ 0 22]
 [23  0]
 [ 0 23]]
[[ 1  0]
 [ 0  1]
 [ 2  0]
 [ 0  2]
 [ 3  0]
 [ 0  3]
 [ 4  0]
 [ 0  4]
 [ 5  0]
 [ 0  5]
 [ 6  0]
 [ 0  6]
 [ 7  0]
 [ 0  7]
 [ 8  0]
 [ 0  8]
 [ 9  0]
 [ 0  9]
 [10  0]
 [ 0 10]
 [11  0]
 [ 0 11]
 [12  0]
 [ 0 12]
 [13  0]
 [ 0 13]
 [14  0]
 [ 0 14]
 [15  0]
 [ 0 15]
 [16  0]
 [ 0 16]
 [17  0]
 [ 0 17]
 [18  0]
 [ 0 18]
 [19  0]
 [ 0 19]
 [20  0]
 [ 0 20]
 [21  0]
 [ 0 21]
 [22  0]
 [ 0 22]]
1363 graph_entity
[[24 13]
 [13 24]
 [24 14]
 [14 24]
 [24 24]
 [24 24]
 [25  5]
 [ 5 25]
 [25 21]
 [21 25]
 [25 25]
 [25 25]]
[[23 13]
 [13 23]
 [23 14]
 [14 23]
 [23 23]
 [23 23]
 [24  5]
 [ 5 24]
 [24 21]
 [21 24]
 [24 24]
 [24 24]]
1363 turn_masks
100%|██████████| 5997/5997 [00:27<00:00, 217.66it/s]